      10222017123108450100000000000000000001
      13332017123108450100000000000000000001
      10222017123118410200000000000000000001
      13332017123119590200000000000000000001
      10222018010108450100000000000000000001
      10222018010108460200000000000000000001
      10222018010110360100000000000000000001
      13332018010115370100000000000000000001
      10222018010118410200000000000000000001
      13332018010119590200000000000000000001
      10222018013108450100000000000000000001
      13332018013108550100000000000000000001
      10222018013110340000000000000000000001
      13332018013110360000000000000000000001
      10222018013115370000000000000000000001
      13332018013116380000000000000000000001
      10222018013118410200000000000000000001
      13332018013119590200000000000000000001
      10222018020108450100000000000000000001
      13332018020108550100000000000000000001
      10222018020110340000000000000000000001
      13332018020110360000000000000000000001
      10222018020115370000000000000000000001
      13332018020116380000000000000000000001
      10222018020118410200000000000000000001
      13332018020119590200000000000000000001
      10222018022708450100000000000000000001
      13332018022708550100000000000000000001
      10222018022710360000000000000000000001
      13332018022710360000000000000000000001
      10222018022715370000000000000000000001
      13332018022716380000000000000000000001
      10222018022718410200000000000000000001
      13332018022719590200000000000000000001
        132018022808010100000000000000000002
        102018022808450100000000000000000002
        102018022810360000000000000000000002
        132018022810360000000000000000000002
        102018022815370000000000000000000002
        132018022816380000000000000000000002
        102018022818410200000000000000000002
        132018022819590200000000000000000002
      10222018030108350100000000000000000001
      13332018030108360100000000000000000001
      10222018030108370000000000000000000001
      13332018030108380000000000000000000001
      10222018030108390000000000000000000001
      13332018030108400000000000000000000001
      10222018030108410000000000000000000001
      13332018030108420000000000000000000001
      10222018030108430000000000000000000001
      13332018030108440000000000000000000001
      10222018030108450000000000000000000001
      13332018030108460000000000000000000001
      10222018030108470000000000000000000001
      13332018030108480000000000000000000001
      10222018030117360200000000000000000001
      13332018030117370200000000000000000001
